[0.01040337 0.07456689 0.30912608 0.23413448 0.3085775  0.16045549]
[0.00051782 0.12148073 0.32477959 0.19022566 0.21384252 0.12592269]
[0.00527781 0.05621094 0.33451315 0.17128045 0.1890835  0.08017397]
[0.00537204 0.05688463 0.3214907  0.19346299 0.21193486 0.09757982]
[0.01562113 0.07382884 0.08217755 0.19241877 0.19211809 0.10403985]
[0.012464   0.09367606 0.19199388 0.23048935 0.2484452  0.13411651]
[0.01886354 0.07826688 0.26763741 0.26801796 0.30649861 0.14810917]
[0.0186009  0.08414488 0.29238844 0.26958516 0.30658237 0.148659  ]
[0.00329345 0.01849981 0.08020544 0.08634763 0.12322574 0.02540214]
[0.01213941 0.04244414 0.12785057 0.10838384 0.10161963 0.06410155]
[0.00078729 0.05037164 0.12781383 0.24182359 0.30906836 0.1617486 ]
[0.00972673 0.10542406 0.3049805  0.27465926 0.31496678 0.1695849 ]
[0.00561699 0.0903521  0.29815147 0.26082451 0.30381132 0.14747979]
[0.01917509 0.05759037 0.14040363 0.21823147 0.23872769 0.12607745]
[0.01932725 0.05788246 0.0662415  0.16025154 0.19068993 0.08452803]
[1.38175489e-04 5.46259085e-02 2.66390249e-01 2.11384378e-01
 2.59880393e-01 1.14619290e-01]
[0.01922544 0.07442793 0.26766463 0.23165333 0.27828825 0.11219376]
[0.0180543  0.0814704  0.29291406 0.24985184 0.29111531 0.12477834]
[0.01035117 0.1028032  0.29161406 0.27051401 0.31004976 0.15870236]
[0.00585964 0.09668392 0.28696757 0.25799592 0.30840069 0.15010328]
[0.013001   0.08359404 0.28732676 0.23386278 0.26910988 0.12091116]
[0.00484301 0.09566786 0.29271701 0.27409695 0.31838264 0.1529866 ]
[0.00290997 0.06893039 0.17178503 0.23165142 0.30151175 0.08970904]
[0.00090608 0.03572395 0.30102041 0.17532201 0.23432424 0.09310867]
[0.01779003 0.05122887 0.10834286 0.25754386 0.35578591 0.1617815 ]
[0.00406946 0.05034549 0.15433016 0.21638419 0.27771592 0.08060326]
[0.00828173 0.07346899 0.05950363 0.30410041 0.36885002 0.20421085]
[0.00770141 0.09423066 0.29038934 0.26665259 0.30405029 0.15567077]
[0.00712307 0.1115209  0.32680499 0.29033424 0.33399942 0.17954619]
[0.01598806 0.08540177 0.25857007 0.26704888 0.3015461  0.1416301 ]
[0.01152165 0.08044093 0.25433991 0.26309601 0.29794665 0.13820562]
[0.01613109 0.04846107 0.0252576  0.18113898 0.20448953 0.06954266]
[0.00054813 0.03879348 0.11342676 0.16619773 0.2345781  0.09959199]
[0.02641007 0.01349883 0.02770703 0.09605608 0.14383487 0.02105806]
[0.00996889 0.0991371  0.25962041 0.27543145 0.31685499 0.1531158 ]
[0.00625966 0.09500822 0.27423356 0.27683511 0.31565576 0.15505823]
[0.01033529 0.08187687 0.29360952 0.23895118 0.27786525 0.13004411]
[0.01001262 0.0933252  0.30290408 0.25434715 0.30670378 0.14579347]
[0.00155133 0.08081662 0.22203764 0.17305975 0.19445978 0.15555599]
[0.01515258 0.04482759 0.08940726 0.15045231 0.19380423 0.11399444]
[0.00202662 0.04940343 0.1116068  0.17044047 0.19575357 0.0928159 ]
[0.01741057 0.04842216 0.08519955 0.16130473 0.18184473 0.1020488 ]
[0.0124295  0.04898726 0.10162041 0.15838196 0.14787361 0.11960165]
[0.00258371 0.0455808  0.24192154 0.20150693 0.25003981 0.09425428]
[0.00840575 0.04791491 0.19069524 0.22508911 0.28165434 0.09321116]
[0.00471614 0.05828849 0.07362086 0.19908434 0.25413267 0.130404  ]
[0.00066736 0.12725019 0.31851519 0.18816612 0.23012721 0.13229574]
[0.00503962 0.05982636 0.29245669 0.21620437 0.27743678 0.13996948]
[0.00328837 0.01892074 0.049822   0.20691564 0.23229977 0.0925639 ]
[0.00924502 0.07584209 0.40328141 0.23415019 0.25553617 0.12807483]
[0.01300564 0.04300173 0.09832245 0.19457495 0.26154009 0.11605873]
[0.01619183 0.09888216 0.27377143 0.27221447 0.30825992 0.15846838]
[0.0057913  0.10855726 0.33309161 0.31189961 0.34377909 0.17902847]
[0.00936387 0.04516901 0.11009274 0.15132481 0.20536486 0.07471752]
[0.00907944 0.04626757 0.13218662 0.22507525 0.2695858  0.13297666]
[0.01087709 0.09512454 0.32244762 0.25731479 0.29507249 0.15303198]
[0.00558984 0.09256761 0.33146848 0.26393116 0.30041042 0.15366958]
[0.00542687 0.05742318 0.26156145 0.17968734 0.20992043 0.14369103]
[0.00767574 0.05413286 0.16591746 0.17568707 0.20769946 0.13769278]
[0.00589258 0.09055848 0.30419116 0.25391183 0.29612271 0.14457111]
[0.00600792 0.09058735 0.3007678  0.25088547 0.29837085 0.14667968]
[0.01026517 0.05231874 0.1869839  0.22068957 0.25322065 0.13749547]
[0.00676356 0.0432276  0.08904376 0.19869613 0.23420578 0.10624249]
[0.00547437 0.09208682 0.2008517  0.30197819 0.35022597 0.12805503]
[0.02099493 0.03671724 0.08541814 0.16095306 0.20051024 0.08327222]
[0.00475691 0.06449461 0.10911179 0.23293406 0.24899261 0.16304964]
[0.00168245 0.09138734 0.17691043 0.29501315 0.31138201 0.1608407 ]
[0.00454798 0.07011517 0.21130136 0.21959302 0.29554937 0.1347344 ]
[0.00543478 0.10281538 0.29057596 0.28352063 0.31852203 0.15722079]
[0.00586547 0.0902155  0.29624875 0.24746945 0.29356879 0.14564336]
[0.00414202 0.05008239 0.05080499 0.16423217 0.20772551 0.0675482 ]
[0.00635829 0.06584069 0.16949002 0.26501566 0.30822647 0.11656986]
[0.00273476 0.04906122 0.1025805  0.18786161 0.22513328 0.12559974]
[1.98218280e-04 9.05097605e-02 1.37073923e-01 2.70806260e-01
 3.42455886e-01 1.77608960e-01]
[0.00308258 0.0936731  0.20326349 0.30167448 0.39543031 0.18581444]
[0.00584016 0.09854567 0.29928617 0.27826059 0.31266617 0.1641836 ]
[0.00597292 0.08864447 0.31027347 0.26094985 0.29968839 0.14986775]
[0.0083111  0.07298964 0.28221565 0.23486672 0.28142909 0.11624362]
[0.01603052 0.08793611 0.29289002 0.27021753 0.32057316 0.15288842]
[0.00116905 0.0467663  0.10302109 0.17455924 0.24551704 0.07559577]
[0.00118781 0.06893001 0.08618685 0.26125679 0.31819789 0.17071249]
[0.00164849 0.06167952 0.16501769 0.18450759 0.21561207 0.10412731]
[0.00575902 0.08206352 0.29394717 0.24811932 0.29303195 0.12387941]
[0.00552677 0.09847872 0.28598957 0.26705119 0.30857473 0.15962385]
[0.00865358 0.09576495 0.28547029 0.26020899 0.30713005 0.15415568]
[0.00549968 0.08256563 0.30245193 0.24507283 0.27995254 0.13987059]
[0.00529061 0.040169   0.35488481 0.18561369 0.20906825 0.10236916]
[2.19032194e-04 5.54210525e-02 1.44648526e-01 2.06589892e-01
 3.12126388e-01 1.01342304e-01]
[0.00344949 0.0336969  0.08149229 0.15740064 0.18101886 0.09502018]
[0.00968571 0.04590552 0.06739728 0.14142791 0.15849375 0.06995654]
[0.00825793 0.06761647 0.03627324 0.22104568 0.28779469 0.14973092]
[0.00567693 0.08884484 0.29228866 0.26654701 0.30354038 0.14686849]
[0.00581376 0.08168233 0.29521565 0.24952163 0.29319302 0.13329797]
[0.01578111 0.04595919 0.08085964 0.24165067 0.31715398 0.10562974]
[0.00568624 0.07906415 0.28970454 0.23686651 0.27782556 0.13368627]
[0.00609933 0.08292698 0.28006395 0.24297558 0.27759115 0.13630503]
[0.00176012 0.18749358 0.17061565 0.17103083 0.19051955 0.13168852]
[0.00163562 0.06698102 0.68719751 0.22965738 0.25949956 0.13312221]
[0.00485985 0.06867892 0.25408209 0.22698787 0.27300697 0.13499214]
[0.00528558 0.06621391 0.02982585 0.17561119 0.19384401 0.11665344]
[0.00125973 0.04524397 0.39232993 0.19591759 0.25750572 0.12724028]
[0.00112955 0.04432137 0.23222812 0.22075602 0.27012719 0.12206219]
[0.01501284 0.11093782 0.12630091 0.27003925 0.33735658 0.21729585]
[0.0144794  0.0423026  0.09576757 0.18249619 0.23831081 0.09009741]
[0.01548899 0.03634562 0.09120227 0.19960455 0.24934844 0.07609848]
[0.01549502 0.07204214 0.27351927 0.23039368 0.27838826 0.10512062]
[0.01525414 0.07028036 0.24962653 0.22626052 0.26985977 0.09655012]
[0.00081062 0.06765241 0.13355533 0.23198939 0.26886938 0.13929789]
[0.00287565 0.06683577 0.29696054 0.18086699 0.21473966 0.10087783]
[0.00375322 0.08794965 0.3080254  0.18803135 0.23373281 0.13558204]
[0.00829059 0.08293578 0.30250635 0.26562692 0.31225168 0.1285037 ]
[0.01794838 0.07601948 0.3119619  0.24414002 0.28748943 0.11779131]
[0.0201676  0.03977519 0.06230544 0.17257879 0.22133711 0.09418833]
[0.00437108 0.11125714 0.16306213 0.33660439 0.36538102 0.20261205]
[0.00376179 0.07123916 0.35945442 0.2437597  0.31302401 0.12151839]
[0.00756785 0.09669586 0.14140726 0.36290717 0.35797175 0.29068372]
[0.0017961  0.0598531  0.17295533 0.22272508 0.25127245 0.11774465]
[0.00866979 0.10239312 0.28075782 0.27858338 0.32165085 0.16616622]
[0.00621407 0.08302055 0.28194921 0.23867292 0.29288307 0.13368484]
[0.05927949 0.04442857 0.02800862 0.21783503 0.24654731 0.11610555]
[0.01285147 0.0555028  0.08207438 0.27185157 0.33168133 0.12889281]
[0.00252284 0.06002096 0.12202698 0.24955762 0.32723308 0.1326482 ]
[0.00578523 0.08324879 0.2924449  0.24515619 0.28580036 0.13546922]
[0.00539304 0.09457472 0.29381973 0.2644922  0.29875455 0.14729987]
[0.04506087 0.0503872  0.03198594 0.17608014 0.21170762 0.13507522]
[0.00594735 0.09034386 0.28205102 0.25675608 0.29819247 0.15075259]
[0.0114542  0.09329348 0.30330748 0.24919584 0.29455403 0.15077217]
[0.01510388 0.03457929 0.04218912 0.08909237 0.10536128 0.04898508]
[0.09210353 0.06312657 0.01654535 0.22262069 0.27405383 0.12487811]
[0.01616922 0.0793771  0.09006984 0.22579388 0.2798285  0.14021775]
[0.00268528 0.09065629 0.78994989 0.25818182 0.30252389 0.1645961 ]
[0.00285621 0.08898884 0.31125261 0.26951888 0.31221348 0.1648223 ]
[0.00333302 0.05660014 0.12258322 0.18306149 0.17281205 0.13723918]
[0.00536434 0.08740252 0.31529478 0.2546745  0.29749601 0.13607688]
[0.00518551 0.09558039 0.29514036 0.2534947  0.30084126 0.15155982]
[0.001824   0.0379105  0.15260975 0.18006295 0.24885449 0.09576765]
[0.01803488 0.04373925 0.10291633 0.17987967 0.22338377 0.07652978]
[0.01059722 0.05089559 0.08209138 0.20952702 0.25220924 0.1035737 ]
[0.00080662 0.04531293 0.08372041 0.1844091  0.21589798 0.1112708 ]
[0.00909301 0.0785718  0.26210816 0.25118882 0.27602364 0.12059962]
[0.0082036  0.08590676 0.25617596 0.26451126 0.28619265 0.13116073]
[0.00953235 0.07858657 0.20164082 0.24320251 0.26023845 0.11259715]
[0.00254895 0.05350237 0.09499955 0.21465906 0.28294503 0.12615385]
[0.00913871 0.09416949 0.27420703 0.2595211  0.31491204 0.15206576]
[0.00868248 0.083077   0.31505306 0.24631413 0.28846765 0.13682753]
[0.00125649 0.06172514 0.23746145 0.23188566 0.28914841 0.10273058]
[0.01937581 0.02859335 0.04883741 0.16125544 0.22031704 0.07399078]
[0.002922   0.06336715 0.25444512 0.2902531  0.31046373 0.18950832]
[0.00500297 0.05588634 0.07689909 0.20138164 0.25401383 0.11829342]
[0.00785234 0.07103503 0.07951882 0.21831726 0.25360175 0.12232123]
[0.00734868 0.03653112 0.10793583 0.13276122 0.15252244 0.05955303]
[0.00099075 0.0641874  0.1457483  0.17600758 0.18045557 0.11356099]
[0.00105956 0.06537389 0.06411088 0.20863327 0.24646634 0.1639547 ]
[0.00268588 0.05910036 0.22232336 0.24431975 0.27053867 0.12173539]
[0.00653648 0.08499285 0.17795624 0.26506723 0.33189699 0.16559276]
